structure(list(y = structure(c(1L, 1L, 1L, 1L, 1L, 1L, 1L, 1L, 
1L, 1L, 1L, 1L, 1L, 1L, 1L, 1L, 1L, 1L, 1L, 1L, 1L, 1L, 1L, 1L, 
1L, 1L, 1L, 1L, 1L, 1L, 1L, 1L, 1L, 1L, 1L, 1L, 1L, 1L, 1L, 1L, 
1L, 1L, 1L, 1L, 1L, 1L, 1L, 1L, 1L, 1L, 1L, 1L, 1L, 1L, 1L, 1L, 
1L, 1L, 1L, 1L, 1L, 1L, 1L, 1L, 1L, 1L, 1L, 1L, 1L, 1L, 1L, 1L, 
1L, 1L, 1L, 1L, 1L, 1L, 1L, 1L, 1L, 1L, 1L, 1L, 1L, 1L, 1L, 1L, 
1L, 1L, 1L, 1L, 1L, 1L, 1L, 1L, 1L, 1L, 2L, 2L, 2L, 2L, 2L, 2L, 
2L, 2L, 2L, 2L, 2L, 2L, 2L, 2L, 2L, 2L, 2L, 2L, 2L, 2L, 2L, 2L, 
2L, 2L, 2L, 2L, 2L, 2L, 2L, 2L, 2L, 2L, 2L, 2L, 2L, 2L, 2L, 2L, 
2L, 2L, 2L, 2L, 2L, 2L, 2L, 2L, 2L, 2L, 2L, 2L, 2L, 2L, 2L, 2L, 
2L, 2L, 2L, 2L, 2L, 2L, 2L, 2L, 2L, 2L, 2L, 2L, 2L, 2L, 2L, 2L, 
2L, 2L, 2L, 2L, 2L, 2L, 2L, 2L, 2L, 2L, 2L, 2L, 2L, 2L, 2L, 2L, 
2L, 2L, 2L, 2L, 2L, 2L, 2L, 2L, 2L, 2L, 2L, 2L, 2L, 2L, 2L, 2L, 
2L, 2L, 2L, 2L, 2L, 2L, 2L, 2L, 2L, 2L, 2L, 2L, 2L, 2L, 2L, 2L, 
2L, 2L, 2L, 2L, 2L, 2L, 2L, 2L, 2L, 2L, 2L, 2L, 2L, 2L, 2L, 2L, 
2L, 2L, 2L, 2L, 2L, 2L, 2L, 2L, 2L, 2L, 2L, 2L, 2L, 2L, 2L, 2L, 
2L, 2L, 2L, 2L, 2L, 2L, 2L, 2L, 2L, 2L, 2L, 2L, 2L, 2L, 2L, 2L, 
2L, 2L, 2L, 2L, 2L, 2L, 2L, 2L, 2L, 2L, 2L, 2L, 2L, 2L, 2L, 2L, 
2L, 2L, 2L, 2L, 2L, 2L, 2L, 2L, 2L, 2L, 2L, 2L, 2L, 2L, 2L, 2L, 
2L, 2L, 2L, 2L, 2L, 2L, 2L, 2L, 2L, 2L, 2L, 2L, 2L, 2L, 2L, 2L, 
2L, 2L, 2L, 2L, 2L, 2L, 2L, 2L, 2L, 2L, 2L, 2L, 2L, 2L, 2L, 2L, 
2L, 2L, 2L, 2L, 2L, 2L, 2L, 2L, 2L, 2L, 2L, 2L, 2L, 2L, 2L, 2L, 
2L, 2L, 2L, 2L, 2L, 2L, 2L, 2L, 2L, 2L, 2L, 2L, 2L, 2L, 2L, 2L, 
2L, 2L, 2L, 2L, 2L, 2L, 2L, 2L, 2L, 2L, 2L, 2L, 2L, 2L, 2L, 2L, 
2L, 2L, 2L, 2L, 2L, 2L, 2L, 2L, 2L, 2L, 2L, 2L, 2L, 2L, 2L, 2L, 
2L, 2L, 2L, 2L, 2L, 2L, 2L, 2L), .Label = c("YES", "NO"), class = "factor"), 
    AOD750 = c(0.256, 0.108, 0.224, 0.153, 0.324, 0.414, 0.035, 
    0.153, 0.436, 0, 0.335, 0.211, 0.151, 0.202, 0.14, 0.075, 
    0.142, 0.181, 0.232, 0, 0, 0.184, 0.035, 0.149, 0.113, 0.118, 
    0.071, 0.27, 0.11, 0.168, 0.388, 0.329, 0.344, 0.222, 0.285, 
    0.319, 0.39, 0.225, 0.349, 0.147, 0.256, 0.361, 0.038, 0.314, 
    0.214, 0.285, 0.185, 0.155, 0.107, 0.186, 0, 0.22, 0.492, 
    0.311, 0.281, 0.315, 0.151, 0.249, 0.357, 0.078, 0.423, 0.321, 
    0.232, 0.414, 0.311, 0.25, 0.037, 0.318, 0.309, 0.469, 0.304, 
    0.141, 0.036, 0.182, 0.292, 0.138, 0.332, 0.115, 0.145, 0.411, 
    0.102, 0.3, 0.149, 0.177, 0.184, 0.254, 0.22, 0.382, 0.401, 
    0.205, 0.26, 0.188, 0.115, 0.452, 0.157, 0.282, 0.383, 0.143, 
    0.317, 0.397, 0.525, 0.213, 0.235, 0.146, 0.465, 0.433, 0.655, 
    0.417, 0.278, 0.972, 0.269, 0.318, 0.547, 0.404, 0.442, 0.23, 
    0.593, 0.395, 0.576, 0.152, 0.383, 0.346, 0.524, 0.467, 0.778, 
    0.878, 0.579, 0.295, 0.315, 0.466, 0.263, 0.312, 0.35, 0.448, 
    0.656, 0.235, 0.413, 0, 0.168, 0.47, 0.338, 0.337, 0.388, 
    0.466, 0.449, 0.351, 0.48, 0.562, 0.454, 0.434, 0.563, 0.489, 
    1.12, 0.413, 0.465, 0.39, 0.26, 0.375, 0.52, 0.452, 0.367, 
    0.035, 0, 0.367, 0.332, 0.49, 0.155, 0.402, 0.451, 0.58, 
    0.309, 0.575, 0.193, 0.47, 0.456, 0.072, 0.31, 0.476, 0.371, 
    0.549, 0.846, 0.487, 0.199, 0.202, 0.324, 0.337, 0.342, 0.525, 
    0.411, 0.426, 0.529, 0.446, 0.542, 0.776, 0.384, 0.48, 0.598, 
    0.39, 0.245, 0.352, 0.604, 0.488, 0.487, 0.563, 0.608, 0.3, 
    0.336, 0.847, 0.398, 0.395, 0.295, 0.8, 0.376, 0.689, 0.649, 
    0.344, 0.368, 0.261, 0.594, 0.436, 0.877, 0.419, 0.66, 0.347, 
    0.369, 0, 0.376, 0.575, 0.657, 0, 0.307, 0.733, 0.322, 0.364, 
    0.517, 0, 0.321, 0.485, 1.09, 0.286, 0.46, 0.381, 0.67, 0, 
    0.454, 0.07, 0.456, 0.339, 0.39, 0.387, 0.488, 0.244, 0.367, 
    0.266, 0.471, 0.385, 0.274, 0.435, 0.843, 0.484, 0.435, 0.462, 
    0.546, 0.446, 0.688, 0.243, 0.29, 0.613, 0.82, 0.436, 1.11, 
    0.602, 0.386, 0.426, 0.381, 0.368, 0.428, 0, 0.59, 0.428, 
    0.269, 0.269, 0.532, 0.383, 0.291, 0.23, 0.696, 0.557, 0.581, 
    0.225, 0.485, 0.694, 0.765, 0.542, 0.401, 0.742, 0.187, 0.583, 
    0.07, 0.553, 0.308, 0.425, 0.985, 0.599, 0.491, 0.76, 0.325, 
    0.525, 0.399, 0, 0.31, 0.594, 0.288, 0.747, 0.495, 0.395, 
    0.476, 0.218, 0.713, 0.545, 0.422, 0.522, 0.285, 0.306, 0.459, 
    0.575, 0.674, 0.527, 0.723, 0.402, 0.466, 0.45, 0.425, 0.427, 
    0.696, 0.54, 0.269, 0.451, 0.618, 0.585, 0.223, 0.442, 0.406, 
    0.153, 0.412, 0.384, 0.837, 0.384, 0.533, 0.453, 0.827, 0.338, 
    0.388, 0.457, 0.526, 0.39, 0.404, 0.282, 0.694, 0.7, 0.378, 
    0.524, 0.607, 0, 0.297, 0.583, 0.463, 0.448, 0.404, 0.244, 
    0.687, 0.507, 0.55, 0.421, 0.66, 0.526, 0, 0.438, 0.715, 
    0.361, 0.192, 0.559, 0.447, 0.299, 0.306, 0.657, 0.566, 0.707, 
    0.25, 0.383, 0.559, 0.371, 0.618, 0.515, 0.23, 0.323, 0.424, 
    0.504, 0.595, 0.732), TISA750 = c(0.176, 0.044, 0.178, 0.142, 
    0.191, 0.194, 0.022, 0.105, 0.219, 0.027, 0.117, 0.107, 0.146, 
    0.094, 0.095, 0.05, 0.046, 0.083, 0.114, 0.036, 0.05, 0.136, 
    0.031, 0.111, 0.067, 0.084, 0.032, 0.11, 0.067, 0.065, 0.188, 
    0.139, 0.161, 0.075, 0.228, 0.164, 0.132, 0.178, 0.166, 0.062, 
    0.199, 0.203, 0.028, 0.151, 0.159, 0.159, 0.128, 0.078, 0.148, 
    0.122, 0.101, 0.132, 0.212, 0.12, 0.134, 0.11, 0.106, 0.112, 
    0.174, 0.086, 0.183, 0.144, 0.123, 0.201, 0.127, 0.195, 0.047, 
    0.124, 0.151, 0.198, 0.145, 0.078, 0.069, 0.103, 0.119, 0.134, 
    0.247, 0.102, 0.094, 0.196, 0.063, 0.148, 0.075, 0.114, 0.132, 
    0.119, 0.117, 0.199, 0.214, 0.132, 0.16, 0.11, 0.092, 0.239, 
    0.096, 0.069, 0.188, 0.069, 0.134, 0.213, 0.262, 0.107, 0.124, 
    0.097, 0.233, 0.25, 0.338, 0.201, 0.175, 0.366, 0.164, 0.214, 
    0.213, 0.171, 0.288, 0.169, 0.315, 0.196, 0.271, 0.095, 0.196, 
    0.183, 0.24, 0.217, 0.331, 0.403, 0.273, 0.171, 0.232, 0.25, 
    0.137, 0.204, 0.201, 0.219, 0.305, 0.185, 0.233, 0.146, 0.115, 
    0.248, 0.193, 0.159, 0.21, 0.262, 0.287, 0.202, 0.287, 0.244, 
    0.274, 0.21, 0.252, 0.255, 0.553, 0.168, 0.218, 0.263, 0.181, 
    0.202, 0.284, 0.23, 0.217, 0.151, 0.202, 0.174, 0.174, 0.235, 
    0.079, 0.23, 0.25, 0.274, 0.219, 0.271, 0.144, 0.255, 0.186, 
    0.093, 0.174, 0.242, 0.174, 0.305, 0.364, 0.234, 0.116, 0.132, 
    0.162, 0.21, 0.222, 0.294, 0.19, 0.24, 0.266, 0.223, 0.294, 
    0.392, 0.23, 0.237, 0.369, 0.236, 0.16, 0.186, 0.329, 0.218, 
    0.261, 0.264, 0.313, 0.183, 0.213, 0.447, 0.222, 0.25, 0.14, 
    0.39, 0.203, 0.346, 0.327, 0.138, 0.159, 0.179, 0.262, 0.236, 
    0.435, 0.192, 0.316, 0.187, 0.196, 0.172, 0.215, 0.319, 0.37, 
    0.117, 0.183, 0.351, 0.155, 0.26, 0.289, 0.127, 0.143, 0.282, 
    0.562, 0.145, 0.275, 0.258, 0.316, 0.22, 0.218, 0.128, 0.292, 
    0.203, 0.23, 0.194, 0.213, 0.141, 0.177, 0.171, 0.246, 0.25, 
    0.146, 0.263, 0.413, 0.237, 0.176, 0.266, 0.272, 0.219, 0.378, 
    0.149, 0.236, 0.343, 0.353, 0.223, 0.393, 0.286, 0.165, 0.245, 
    0.225, 0.188, 0.255, 0.248, 0.284, 0.194, 0.171, 0.198, 0.307, 
    0.181, 0.212, 0.189, 0.302, 0.325, 0.341, 0.181, 0.247, 0.346, 
    0.477, 0.265, 0.306, 0.384, 0.152, 0.292, 0.128, 0.287, 0.193, 
    0.213, 0.444, 0.275, 0.219, 0.331, 0.234, 0.238, 0.223, 0.203, 
    0.188, 0.307, 0.137, 0.375, 0.303, 0.256, 0.247, 0.159, 0.345, 
    0.252, 0.317, 0.26, 0.167, 0.213, 0.225, 0.244, 0.346, 0.25, 
    0.394, 0.186, 0.235, 0.201, 0.188, 0.216, 0.32, 0.274, 0.146, 
    0.29, 0.287, 0.306, 0.129, 0.223, 0.193, 0.205, 0.191, 0.207, 
    0.427, 0.177, 0.273, 0.194, 0.337, 0.244, 0.194, 0.194, 0.23, 
    0.201, 0.242, 0.193, 0.369, 0.348, 0.19, 0.297, 0.319, 0.164, 
    0.175, 0.236, 0.268, 0.247, 0.22, 0.146, 0.36, 0.289, 0.299, 
    0.233, 0.262, 0.292, 0.15, 0.254, 0.366, 0.176, 0.142, 0.272, 
    0.245, 0.156, 0.19, 0.275, 0.318, 0.375, 0.115, 0.229, 0.218, 
    0.233, 0.309, 0.252, 0.111, 0.159, 0.212, 0.267, 0.265, 0.37
    ),